9 0.029 0.46216666666666667 0.0365 0.09566666666666666
9 0.080625 0.47833333333333333 0.043750000000000004 0.09999999999999999
9 0.131625 0.4766666666666666 0.04175 0.11666666666666667
9 0.1895 0.46366666666666667 0.0385 0.11533333333333333
9 0.244125 0.47816666666666663 0.03125 0.09166666666666666
9 0.310875 0.48583333333333334 0.04775 0.11233333333333333
9 0.364 0.48383333333333334 0.052000000000000005 0.12766666666666665
9 0.4265 0.4915 0.029 0.12633333333333333
9 0.482125 0.4656666666666667 0.04275 0.11933333333333333
9 0.543625 0.4725 0.03425 0.10833333333333332
9 0.580125 0.46216666666666667 0.06775 0.143
9 0.64525 0.4698333333333333 0.0375 0.07766666666666666
9 0.7186250000000001 0.48383333333333334 0.05525 0.10566666666666666
