1 0.5439453125 0.08029513888888888 0.09396701388888888 0.07609953703703703
1 0.6898871527777778 0.3883101851851852 0.06597222222222222 0.07291666666666666
1 0.8514539930555555 0.40596064814814814 0.11566840277777778 0.078125
1 0.07779947916666666 0.3861400462962963 0.05881076388888889 0.05353009259259259
1 0.18467881944444445 0.4649884259259259 0.06987847222222222 0.05034722222222222
1 0.2537977430555555 0.5094039351851851 0.03927951388888889 0.055844907407407406
1 0.3624131944444444 0.5419560185185185 0.04904513888888889 0.05671296296296296
11 0.22526041666666666 0.16276041666666666 0.25390625 0.28616898148148145
11 0.9032118055555555 0.525318287037037 0.15668402777777776 0.047164351851851846
11 0.9193793402777777 0.4707754629629629 0.15690104166666666 0.061921296296296294
11 0.9225260416666666 0.39207175925925924 0.15494791666666666 0.07638888888888888
11 0.22092013888888887 0.37485532407407407 0.27734375 0.0697337962962963
11 0.3579644097222222 0.44343171296296297 0.030598958333333332 0.2132523148148148
11 0.46039496527777773 0.41941550925925924 0.047526041666666664 0.25491898148148145
11 0.5901692708333333 0.4370659722222222 0.04665798611111111 0.22193287037037035
11 0.570095486111111 0.21686921296296294 0.109375 0.21209490740740738
