4 0.1726851851851852 0.253125 0.16203703703703703 0.15486111111111112
4 0.34814814814814815 0.24131944444444445 0.1425925925925926 0.1451388888888889
4 0.5569444444444445 0.240625 0.13425925925925927 0.16319444444444445
4 0.7462962962962963 0.2326388888888889 0.1537037037037037 0.1902777777777778
4 0.7615740740740741 0.40694444444444444 0.14722222222222223 0.14722222222222223
4 0.5620370370370371 0.409375 0.16111111111111112 0.15763888888888888
4 0.39490740740740743 0.4392361111111111 0.1824074074074074 0.19375
4 0.1763888888888889 0.425 0.22685185185185186 0.18333333333333335
4 0.3402777777777778 0.6434027777777778 0.13240740740740742 0.13819444444444445
4 0.46574074074074073 0.6444444444444445 0.16666666666666669 0.15
4 0.5856481481481481 0.6423611111111112 0.13055555555555556 0.125
4 0.725925925925926 0.6385416666666667 0.11481481481481481 0.12013888888888889
4 0.6967592592592593 0.7506944444444444 0.0712962962962963 0.09027777777777778
4 0.6027777777777777 0.7555555555555555 0.08333333333333334 0.08194444444444444
4 0.4986111111111111 0.7496527777777778 0.08796296296296297 0.10069444444444445
4 0.3990740740740741 0.75625 0.0962962962962963 0.10694444444444445
4 0.4587962962962963 0.853125 0.05092592592592593 0.04513888888888889
4 0.49583333333333335 0.8552083333333333 0.05462962962962963 0.06736111111111111
4 0.5365740740740741 0.8583333333333334 0.032407407407407406 0.07222222222222223
4 0.6125 0.8534722222222223 0.03425925925925926 0.051388888888888894
4 0.6555555555555556 0.859375 0.05740740740740741 0.052083333333333336
4 0.6953703703703704 0.8538194444444445 0.04259259259259259 0.050694444444444445
