7 0.30775122549019607 0.6182598039215687 0.6148897058823529 0.3337418300653595
7 0.5556066176470588 0.9154411764705883 0.538296568627451 0.16584967320261437
5 0.665594362745098 0.8502859477124183 0.19025735294117646 0.2267156862745098
2 0.7293198529411764 0.6174428104575164 0.3918504901960784 0.414624183006536
2 0.8786764705882353 0.9223856209150327 0.21568627450980393 0.15522875816993464
20 0.5278799019607843 0.11458333333333334 0.13174019607843138 0.20547385620915035
19 0.8072916666666666 0.20669934640522877 0.11519607843137254 0.12009803921568628
7 0.9217218137254902 0.2005718954248366 0.1565563725490196 0.1323529411764706
19 0.7757352941176471 0.032679738562091505 0.13541666666666666 0.06454248366013073
7 0.9162071078431372 0.023284313725490197 0.16758578431372548 0.04575163398692811
7 0.7325367647058824 0.09150326797385622 0.4724264705882353 0.10294117647058824
