11 0.780517879161529 0.12150127226463105 0.43896424167694204 0.16157760814249364
11 0.7059186189889026 0.24173027989821885 0.33908754623921084 0.09160305343511452
11 0.656596794081381 0.3250636132315522 0.2725030826140567 0.08524173027989823
21 0.46054254007398276 0.13295165394402036 0.22071516646115907 0.14631043256997456
21 0.8051787916152898 0.3435114503816794 0.051787916152897656 0.06106870229007634
21 0.8964241676942047 0.2678117048346056 0.051787916152897656 0.04961832061068703
5 0.4593094944512947 0.5101781170483461 0.2157829839704069 0.11959287531806617
7 0.45376078914919854 0.34478371501272265 0.18002466091245375 0.29007633587786263
7 0.8008631319358817 0.4586513994910942 0.08754623921085081 0.18447837150127228
7 0.8988902589395807 0.39312977099236646 0.07398273736128237 0.20865139949109415
