5 0.49107142857142855 0.21765010351966876 0.24301242236024842 0.14906832298136646
7 0.4901009316770186 0.09381469979296067 0.0951086956521739 0.18711180124223603
7 0.9398291925465838 0.09692028985507246 0.08501552795031056 0.19332298136645965
7 0.05987965838509316 0.36684782608695654 0.0405667701863354 0.17365424430641824
7 0.021059782608695652 0.3840579710144928 0.02232142857142857 0.13198757763975155
7 0.03814052795031056 0.36736542443064185 0.03241459627329192 0.14777432712215322
19 0.05755046583850931 0.21143892339544515 0.06579968944099378 0.08747412008281574
19 0.035326086956521736 0.2545289855072464 0.026785714285714284 0.06288819875776398
19 0.018245341614906832 0.2695393374741201 0.02950310559006211 0.07272256728778469
7 0.33297748447204967 0.3526138716356108 0.0359083850931677 0.19228778467908905
7 0.2058423913043478 0.33592132505175987 0.02775621118012422 0.17857142857142858
7 0.16944875776397514 0.35766045548654246 0.026785714285714284 0.15527950310559008
7 0.1388781055900621 0.3618012422360249 0.017663043478260868 0.15165631469979296
